00 01 05 43 00 03 00 0a 03 01 00 00 00 00 1a 00 00 00 7f 00 00 00 0d
00 01 05 43 00 03 00 0b 03 01 00 00 00 00 1a 00 00 00 7f 00 00 00 0c
00 01 05 43 00 03 00 0c 03 01 00 00 00 00 1a 00 00 00 7f 00 00 00 0b
00 01 05 43 00 03 00 0d 03 01 00 00 00 00 65 00 00 00 7f 00 00 00 3f
00 01 05 43 00 03 00 0e 03 01 00 00 00 00 65 00 00 00 7f 00 00 00 3e
00 01 05 43 00 03 00 0f 03 01 00 00 00 00 65 00 00 00 7f 00 00 00 3d
00 01 05 43 00 03 00 10 03 01 00 00 00 00 65 00 00 00 7f 00 00 00 3c
00 01 05 43 00 03 00 11 03 01 00 00 00 00 65 00 00 00 7f 00 00 00 3b
00 01 05 43 00 03 00 12 03 01 00 00 00 00 65 00 00 00 7f 00 00 00 3a
00 01 05 43 00 03 00 13 03 01 00 00 00 00 65 00 00 00 7f 00 00 00 39
00 01 05 43 00 03 00 10 03 01 00 00 00 00 65 00 00 00 7f 00 00 00 3c
00 01 05 43 00 03 00 0a 03 01 00 00 00 00 1a 00 00 00 7f 00 00 00 0d
00 01 05 43 00 03 00 0b 03 01 00 00 00 00 1a 00 00 00 7f 00 00 00 0c
00 01 05 43 00 03 00 0c 03 01 00 00 00 00 1a 00 00 00 7f 00 00 00 0b
00 01 05 43 00 03 00 13 03 01 00 00 00 00 65 00 00 00 7f 00 00 00 39
00 01 05 43 00 03 00 0d 03 01 00 00 00 00 65 00 00 00 7f 00 00 00 3f
00 01 05 43 00 03 00 0e 03 01 00 00 00 00 65 00 00 00 7f 00 00 00 3e
00 01 05 43 00 03 00 0f 03 01 00 00 00 00 65 00 00 00 7f 00 00 00 3d
00 01 05 43 00 03 00 10 03 01 00 00 00 00 65 00 00 00 7f 00 00 00 3c
00 01 05 43 00 03 00 11 03 01 00 00 00 00 65 00 00 00 7f 00 00 00 3b
00 01 05 43 00 03 00 12 03 01 00 00 00 00 65 00 00 00 7f 00 00 00 3a
00 01 05 43 00 03 00 0f 03 01 00 00 00 00 65 00 00 00 7f 00 00 00 3d
00 01 05 43 00 03 00 13 03 01 00 00 00 00 65 00 00 00 7f 00 00 00 39
00 01 05 43 00 03 00 13 03 01 00 00 00 00 65 00 00 00 7f 00 00 00 39
