slider 1 sample


01 02 00 01 00 00 00 00 00 33 
01 02 00 01 44 00 00 00 00 6F 
01 02 01 01 44 00 00 00 00 6E 
01 02 02 01 44 00 00 00 00 6D 
01 02 03 01 44 00 00 00 00 6C 
01 02 04 01 44 00 00 00 00 6B 
01 02 05 01 44 00 00 00 00 6A 

01 02 00 01 00 01 00 00 00 32 
01 02 00 01 44 2F 00 00 00 40 
01 02 01 01 44 00 00 00 00 6E 
01 02 02 01 44 00 00 00 00 6D 
01 02 03 01 44 2F 00 00 00 3D 
01 02 04 01 44 2F 00 00 00 3C 
01 02 05 01 44 2F 00 00 00 3B


01 02 00 01 00 0B 00 00 00 28
01 02 00 01 44 4E 00 00 00 21 
01 02 01 01 44 00 00 00 00 6E 
01 02 02 01 44 00 00 00 00 6D 
01 02 03 01 44 4E 00 00 00 1E 
01 02 04 01 44 4E 00 00 00 1D 
01 02 05 01 44 4E 00 00 00 1C

01 02 00 01 00 64 00 00 00 4F 
01 02 00 01 44 6D 00 00 00 02 
01 02 01 01 44 00 00 00 00 6E 
01 02 02 01 44 00 00 00 00 6D 
01 02 03 01 44 6D 00 00 00 7F 
01 02 04 01 44 6D 00 00 00 7E 
01 02 05 01 44 6D 00 00 00 7D

