
press beep
00 01 05 43 00 01 00 00 02 00 04 00 00 00 30 
00 01 05 43 00 01 04 01 02 01 01 00 00 00 2D 
00 01 05 43 00 01 04 02 02 01 01 00 00 00 2C 
00 01 05 43 00 02 00 00 02 44 01 01 01 01 01 01 00 00 69 

release beep button
00 01 05 43 00 01 00 00 02 00 00 00 00 00 34 
00 01 05 43 00 01 04 01 02 01 00 00 00 00 2E 
00 01 05 43 00 01 04 02 02 01 00 00 00 00 2D 
00 01 05 43 00 02 00 00 02 44 00 00 00 00 00 00 00 00 6F 

press mute mic
00 01 05 43 00 01 00 00 02 00 02 00 00 00 32 
00 01 05 43 00 01 02 01 02 01 01 00 00 00 2F 
00 01 05 43 00 01 02 02 02 01 01 00 00 00 2E 
00 01 05 43 00 02 00 00 02 44 01 01 01 01 01 01 00 00 69 

release mute mic
00 01 05 43 00 01 00 00 02 00 00 00 00 00 34 


press mute mic
00 01 05 43 00 01 00 00 02 00 02 00 00 00 32 
00 01 05 43 00 01 02 01 02 01 00 00 00 00 30 
00 01 05 43 00 01 02 02 02 01 00 00 00 00 2F 
00 01 05 43 00 02 00 00 02 44 00 00 00 00 00 00 00 00 6F 

release button mic
00 01 05 43 00 01 00 00 02 00 00 00 00 00 34 