00 01 05 43 00 01 0C 00 00 42 00 00 00 00 68
00 01 05 43 00 01 00 00 00 42 00 00 00 00 74
00 01 05 43 00 01 06 00 00 42 00 00 00 00 6E
00 01 05 43 00 01 0A 00 00 42 00 00 00 00 6A
00 01 05 43 00 01 12 00 00 42 00 00 00 00 62
00 01 05 43 00 01 0E 00 00 42 00 00 00 00 66
00 01 05 43 00 01 00 00 00 42 00 00 00 00 74
00 01 05 43 00 01 04 00 00 42 00 00 00 00 70
00 01 05 43 00 01 08 00 00 42 00 00 00 00 6C
00 01 05 43 00 01 10 00 00 42 00 00 00 00 64
00 01 05 43 00 01 14 00 00 42 00 00 00 00 60
00 01 05 43 00 01 00 00 00 42 00 00 00 00 74
00 01 05 43 00 01 06 00 00 42 00 00 00 00 6E
00 01 05 43 00 01 0A 00 00 42 00 00 00 00 6A
00 01 05 43 00 01 12 00 00 42 00 00 00 00 62
00 01 05 43 00 01 16 00 00 42 00 00 00 00 5E
00 01 05 43 00 01 00 00 00 42 00 00 00 00 74
00 01 05 43 00 01 04 00 00 42 00 00 00 00 70
00 01 05 43 00 01 06 00 00 42 00 00 00 00 6E
00 01 05 43 00 01 08 00 00 42 00 00 00 00 6C
00 01 05 43 00 01 10 00 00 42 00 00 00 00 64
00 01 05 43 00 01 0C 00 00 42 00 00 00 00 68
00 01 05 43 00 01 00 00 00 42 00 00 00 00 74
00 01 05 43 00 01 04 00 00 42 00 00 00 00 70
00 01 05 43 00 01 0A 00 00 42 00 00 00 00 6A
00 01 05 43 00 01 12 00 00 42 00 00 00 00 62
00 01 05 43 00 01 0E 00 00 42 00 00 00 00 66
00 01 05 43 00 01 00 00 00 42 00 00 00 00 74
00 01 05 43 00 01 06 00 00 42 00 00 00 00 6E
00 01 05 43 00 01 08 00 00 42 00 00 00 00 6C
00 01 05 43 00 01 10 00 00 42 00 00 00 00 64
00 01 05 43 00 01 14 00 00 42 00 00 00 00 60
00 01 05 43 00 01 00 00 00 42 00 00 00 00 74
00 01 05 43 00 01 04 00 00 42 00 00 00 00 70
00 01 05 43 00 01 0A 00 00 42 00 00 00 00 6A
00 01 05 43 00 01 12 00 00 42 00 00 00 00 62
00 01 05 43 00 01 16 00 00 42 00 00 00 00 5E
00 01 05 43 00 01 06 00 00 42 00 00 00 00 6E
00 01 05 43 00 01 08 00 00 42 00 00 00 00 6C
00 01 05 43 00 01 10 00 00 42 00 00 00 00 64
00 01 05 43 00 01 0C 00 00 42 00 00 00 00 68
00 01 05 43 00 01 00 00 00 42 00 00 00 00 74
00 01 05 43 00 01 04 00 00 42 00 00 00 00 70
00 01 05 43 00 01 0A 00 00 42 00 00 00 00 6A
00 01 05 43 00 01 12 00 00 42 00 00 00 00 62
00 01 05 43 00 01 0E 00 00 42 00 00 00 00 66
00 01 05 43 00 01 00 00 00 42 00 00 00 00 74
00 01 05 43 00 01 06 00 00 42 00 00 00 00 6E
00 01 05 43 00 01 08 00 00 42 00 00 00 00 6C
00 01 05 43 00 01 10 00 00 42 00 00 00 00 64
00 01 05 43 00 01 14 00 00 42 00 00 00 00 60
00 01 05 43 00 01 00 00 00 42 00 00 00 00 74
00 01 05 43 00 01 04 00 00 42 00 00 00 00 70
00 01 05 43 00 01 0A 00 00 42 00 00 00 00 6A
00 01 05 43 00 01 12 00 00 42 00 00 00 00 62
00 01 05 43 00 01 16 00 00 42 00 00 00 00 5E
00 01 05 43 00 01 00 00 00 42 00 00 00 00 74
00 01 05 43 00 01 06 00 00 42 00 00 00 00 6E
00 01 05 43 00 01 08 00 00 42 00 00 00 00 6C
00 01 05 43 00 01 10 00 00 42 00 00 00 00 64
00 01 05 43 00 01 0C 00 00 42 00 00 00 00 68
00 01 05 43 00 01 00 00 00 42 00 00 00 00 74
00 01 05 43 00 01 04 00 00 42 00 00 00 00 70
00 01 05 43 00 01 0A 00 00 42 00 00 00 00 6A
00 01 05 43 00 01 12 00 00 42 00 00 00 00 62
00 01 05 43 00 01 0E 00 00 42 00 00 00 00 66
00 01 05 43 00 01 00 00 00 42 00 00 00 00 74
00 01 05 43 00 01 06 00 00 42 00 00 00 00 6E
00 01 05 43 00 01 04 00 00 42 00 00 00 00 70
00 01 05 43 00 01 08 00 00 42 00 00 00 00 6C
00 01 05 43 00 01 10 00 00 42 00 00 00 00 64
00 01 05 43 00 01 14 00 00 42 00 00 00 00 60
00 01 05 43 00 01 00 00 00 42 00 00 00 00 74
00 01 05 43 00 01 06 00 00 42 00 00 00 00 6E
00 01 05 43 00 01 0A 00 00 42 00 00 00 00 6A
00 01 05 43 00 01 12 00 00 42 00 00 00 00 62
00 01 05 43 00 01 16 00 00 42 00 00 00 00 5E
00 01 05 43 00 01 00 00 00 42 00 00 00 00 74
00 01 05 43 00 01 04 00 00 42 00 00 00 00 70
00 01 05 43 00 01 08 00 00 42 00 00 00 00 6C
00 01 05 43 00 01 10 00 00 42 00 00 00 00 64
00 01 05 43 00 01 0C 00 00 42 00 00 00 00 68
00 01 05 43 00 01 00 00 00 42 00 00 00 00 74
00 01 05 43 00 01 06 00 00 42 00 00 00 00 6E
00 01 05 43 00 01 0A 00 00 42 00 00 00 00 6A
00 01 05 43 00 01 12 00 00 42 00 00 00 00 62
00 01 05 43 00 01 0E 00 00 42 00 00 00 00 66
00 01 05 43 00 01 00 00 00 42 00 00 00 00 74
00 01 05 43 00 01 04 00 00 42 00 00 00 00 70
00 01 05 43 00 01 08 00 00 42 00 00 00 00 6C
00 01 05 43 00 01 10 00 00 42 00 00 00 00 64
00 01 05 43 00 01 14 00 00 42 00 00 00 00 60
00 01 05 43 00 01 00 00 00 42 00 00 00 00 74
00 01 05 43 00 01 06 00 00 42 00 00 00 00 6E
00 01 05 43 00 01 0A 00 00 42 00 00 00 00 6A
00 01 05 43 00 01 12 00 00 42 00 00 00 00 62
00 01 05 43 00 01 16 00 00 42 00 00 00 00 5E
00 01 05 43 00 01 00 00 00 42 00 00 00 00 74
00 01 05 43 00 01 04 00 00 42 00 00 00 00 70
00 01 05 43 00 01 08 00 00 42 00 00 00 00 6C
00 01 05 43 00 01 10 00 00 42 00 00 00 00 64
00 01 05 43 00 01 0C 00 00 42 00 00 00 00 68
00 01 05 43 00 01 00 00 00 42 00 00 00 00 74
00 01 05 43 00 01 06 00 00 42 00 00 00 00 6E
00 01 05 43 00 01 0A 00 00 42 00 00 00 00 6A
00 01 05 43 00 01 12 00 00 42 00 00 00 00 62
00 01 05 43 00 01 0E 00 00 42 00 00 00 00 66
00 01 05 43 00 01 00 00 00 42 00 00 00 00 74
00 01 05 43 00 01 04 00 00 42 00 00 00 00 70
00 01 05 43 00 01 08 00 00 42 00 00 00 00 6C
00 01 05 43 00 01 06 00 00 42 00 00 00 00 6E
00 01 05 43 00 01 0A 00 00 42 00 00 00 00 6A
00 01 05 43 00 01 10 00 00 42 00 00 00 00 64
00 01 05 43 00 01 14 00 00 42 00 00 00 00 60
00 01 05 43 00 01 00 00 00 42 00 00 00 00 74
00 01 05 43 00 01 04 00 00 42 00 00 00 00 70
00 01 05 43 00 01 08 00 00 42 00 00 00 00 6C
00 01 05 43 00 01 12 00 00 42 00 00 00 00 62
00 01 05 43 00 01 16 00 00 42 00 00 00 00 5E
00 01 05 43 00 01 00 00 00 42 00 00 00 00 74
00 01 05 43 00 01 06 00 00 42 00 00 00 00 6E
00 01 05 43 00 01 0A 00 00 42 00 00 00 00 6A
00 01 05 43 00 01 10 00 00 42 00 00 00 00 64
00 01 05 43 00 01 0C 00 00 42 00 00 00 00 68
00 01 05 43 00 01 00 00 00 42 00 00 00 00 74
00 01 05 43 00 01 04 00 00 42 00 00 00 00 70
00 01 05 43 00 01 08 00 00 42 00 00 00 00 6C
00 01 05 43 00 01 12 00 00 42 00 00 00 00 62
00 01 05 43 00 01 0E 00 00 42 00 00 00 00 66
00 01 05 43 00 01 00 00 00 42 00 00 00 00 74
00 01 05 43 00 01 06 00 00 42 00 00 00 00 6E
00 01 05 43 00 01 0A 00 00 42 00 00 00 00 6A
00 01 05 43 00 01 10 00 00 42 00 00 00 00 64
00 01 05 43 00 01 14 00 00 42 00 00 00 00 60
00 01 05 43 00 01 00 00 00 42 00 00 00 00 74
00 01 05 43 00 01 04 00 00 42 00 00 00 00 70
00 01 05 43 00 01 08 00 00 42 00 00 00 00 6C
00 01 05 43 00 01 12 00 00 42 00 00 00 00 62
00 01 05 43 00 01 16 00 00 42 00 00 00 00 5E
00 01 05 43 00 01 00 00 00 42 00 00 00 00 74
00 01 05 43 00 01 06 00 00 42 00 00 00 00 6E
00 01 05 43 00 01 0A 00 00 42 00 00 00 00 6A
00 01 05 43 00 01 10 00 00 42 00 00 00 00 64
00 01 05 43 00 01 0C 00 00 42 00 00 00 00 68
00 01 05 43 00 01 00 00 00 42 00 00 00 00 74
00 01 05 43 00 01 04 00 00 42 00 00 00 00 70
00 01 05 43 00 01 08 00 00 42 00 00 00 00 6C
00 01 05 43 00 01 12 00 00 42 00 00 00 00 62
00 01 05 43 00 01 0E 00 00 42 00 00 00 00 66
00 01 05 43 00 01 00 00 00 42 00 00 00 00 74
00 01 05 43 00 01 06 00 00 42 00 00 00 00 6E
00 01 05 43 00 01 0A 00 00 42 00 00 00 00 6A
00 01 05 43 00 01 10 00 00 42 00 00 00 00 64
00 01 05 43 00 01 14 00 00 42 00 00 00 00 60
00 01 05 43 00 01 00 00 00 42 00 00 00 00 74
00 01 05 43 00 01 04 00 00 42 00 00 00 00 70
00 01 05 43 00 01 08 00 00 42 00 00 00 00 6C
00 01 05 43 00 01 12 00 00 42 00 00 00 00 62
00 01 05 43 00 01 16 00 00 42 00 00 00 00 5E
00 01 05 43 00 01 00 00 00 42 00 00 00 00 74
00 01 05 43 00 01 06 00 00 42 00 00 00 00 6E
00 01 05 43 00 01 0A 00 00 42 00 00 00 00 6A
00 01 05 43 00 01 10 00 00 42 00 00 00 00 64
00 01 05 43 00 01 0C 00 00 42 00 00 00 00 68
00 01 05 43 00 01 00 00 00 42 00 00 00 00 74
00 01 05 43 00 01 00 00 00 42 00 00 00 00 74
00 01 05 43 00 01 00 00 00 42 00 00 00 00 74
00 01 05 43 00 01 00 00 00 42 00 00 00 00 74
00 01 05 43 00 01 00 00 00 42 00 00 00 00 74
00 01 05 43 00 01 00 00 00 42 00 00 00 00 74
00 01 05 43 00 01 00 00 00 42 00 00 00 00 74
00 01 05 43 00 01 00 00 00 42 00 00 00 00 74
00 01 05 43 00 01 00 00 00 42 00 00 00 00 74
00 01 05 43 00 01 00 00 00 42 00 00 00 00 74
00 01 05 43 00 01 00 00 00 42 00 00 00 00 74
00 01 05 43 00 01 00 00 00 42 00 00 00 00 74
00 01 05 43 00 01 00 00 00 42 00 00 00 00 74
00 01 05 43 00 01 00 00 00 42 00 00 00 00 74
00 01 05 43 00 01 00 00 00 42 00 00 00 00 74
00 01 05 43 00 01 00 00 00 42 00 00 00 00 74
00 01 05 43 00 01 00 00 00 42 00 00 00 00 74
00 01 05 43 00 01 00 00 00 42 00 00 00 00 74
00 01 05 43 00 01 00 00 00 42 00 00 00 00 74
00 01 05 43 00 01 00 00 00 42 00 00 00 00 74
00 01 05 43 00 01 00 00 00 42 00 00 00 00 74
00 01 05 43 00 01 00 00 00 42 00 00 00 00 74
00 01 05 43 00 01 00 00 00 42 00 00 00 00 74
00 01 05 43 00 01 00 00 00 42 00 00 00 00 74
00 01 05 43 00 01 00 00 00 42 00 00 00 00 74
00 01 05 43 00 01 00 00 00 42 00 00 00 00 74
00 01 05 43 00 01 00 00 00 42 00 00 00 00 74
00 01 05 43 00 01 00 00 00 42 00 00 00 00 74
00 01 05 43 00 01 00 00 00 42 00 00 00 00 74
00 01 05 43 00 01 00 00 00 42 00 00 00 00 74
00 01 05 43 00 01 00 00 00 42 00 00 00 00 74
00 01 05 43 00 01 00 00 00 42 00 00 00 00 74
00 01 05 43 00 01 00 00 00 42 00 00 00 00 74
00 01 05 43 00 01 00 00 00 42 00 00 00 00 74
00 01 05 43 00 01 00 00 00 42 00 00 00 00 74
00 01 05 43 00 01 00 00 00 42 00 00 00 00 74
00 01 05 43 00 01 00 00 00 42 00 00 00 00 74
00 01 05 43 00 01 00 00 00 42 00 00 00 00 74
00 01 05 43 00 01 00 00 00 42 00 00 00 00 74
00 01 05 43 00 01 00 00 00 42 00 00 00 00 74
00 01 05 43 00 01 00 00 00 42 00 00 00 00 74
00 01 05 43 00 01 00 00 00 42 00 00 00 00 74
00 01 05 43 00 01 00 00 00 42 00 00 00 00 74
00 01 05 43 00 01 00 00 00 42 00 00 00 00 74
00 01 05 43 00 01 00 00 00 42 00 00 00 00 74
00 01 05 43 00 01 00 00 00 42 00 00 00 00 74
00 01 05 43 00 01 00 00 00 42 00 00 00 00 74
00 01 05 43 00 01 00 00 00 42 00 00 00 00 74
00 01 05 43 00 01 00 00 00 42 00 00 00 00 74
00 01 05 43 00 01 00 00 00 42 00 00 00 00 74
00 01 05 43 00 01 00 00 00 42 00 00 00 00 74
00 01 05 43 00 01 00 00 00 42 00 00 00 00 74
00 01 05 43 00 01 00 00 00 42 00 00 00 00 74
00 01 05 43 00 01 00 00 00 42 00 00 00 00 74
00 01 05 43 00 01 00 00 00 42 00 00 00 00 74
00 01 05 43 00 01 00 00 00 42 00 00 00 00 74
00 01 05 43 00 01 00 00 00 42 00 00 00 00 74
00 01 05 43 00 01 00 00 00 42 00 00 00 00 74
00 01 05 43 00 01 00 00 00 42 00 00 00 00 74
00 01 05 43 00 01 00 00 00 42 00 00 00 00 74
00 01 05 43 00 01 00 00 00 42 00 00 00 00 74
00 01 05 43 00 01 00 00 00 42 00 00 00 00 74
00 01 05 43 00 01 00 00 00 42 00 00 00 00 74
00 01 05 43 00 01 00 00 00 42 00 00 00 00 74
00 01 05 43 00 01 00 00 00 42 00 00 00 00 74
00 01 05 43 00 01 00 00 00 42 00 00 00 00 74
00 01 05 43 00 01 00 00 00 42 00 00 00 00 74
00 01 05 43 00 01 00 00 00 42 00 00 00 00 74
00 01 05 43 00 01 00 00 00 42 00 00 00 00 74
00 01 05 43 00 01 00 00 00 42 00 00 00 00 74
00 01 05 43 00 01 00 00 00 42 00 00 00 00 74
00 01 05 43 00 01 00 00 00 42 00 00 00 00 74
00 01 05 43 00 01 00 00 00 42 00 00 00 00 74
00 01 05 43 00 01 00 00 00 42 00 00 00 00 74
00 01 05 43 00 01 00 00 00 42 00 00 00 00 74
00 01 05 43 00 01 00 00 00 42 00 00 00 00 74
00 01 05 43 00 01 00 00 00 42 00 00 00 00 74
00 01 05 43 00 01 00 00 00 42 00 00 00 00 74
00 01 05 43 00 01 00 00 00 42 00 00 00 00 74
00 01 05 43 00 01 00 00 00 42 00 00 00 00 74
00 01 05 43 00 01 00 00 00 42 00 00 00 00 74
00 01 05 43 00 01 00 00 00 42 00 00 00 00 74
00 01 05 43 00 01 00 00 00 42 00 00 00 00 74
00 01 05 43 00 01 00 00 00 42 00 00 00 00 74
00 01 05 43 00 01 00 00 00 42 00 00 00 00 74
00 01 05 43 00 01 00 00 00 42 00 00 00 00 74
00 01 05 43 00 01 00 00 00 42 00 00 00 00 74
00 01 05 43 00 01 00 00 00 42 00 00 00 00 74
00 01 05 43 00 01 00 00 00 42 00 00 00 00 74
00 01 05 43 00 01 00 00 00 42 00 00 00 00 74
00 01 05 43 00 01 00 00 00 42 00 00 00 00 74
00 01 05 43 00 01 00 00 00 42 00 00 00 00 74
00 01 05 43 00 01 00 00 00 42 00 00 00 00 74
00 01 05 43 00 01 00 00 00 42 00 00 00 00 74
00 01 05 43 00 01 00 00 00 42 00 00 00 00 74
00 01 05 43 00 01 00 00 00 42 00 00 00 00 74
00 01 05 43 00 01 00 00 00 42 00 00 00 00 74
00 01 05 43 00 01 00 00 00 42 00 00 00 00 74
00 01 05 43 00 01 00 00 00 42 00 00 00 00 74
00 01 05 43 00 01 00 00 00 42 00 00 00 00 74
00 01 05 43 00 01 00 00 00 42 00 00 00 00 74
00 01 05 43 00 01 00 00 00 42 00 00 00 00 74
00 01 05 43 00 01 00 00 00 42 00 00 00 00 74
00 01 05 43 00 01 00 00 00 42 00 00 00 00 74
00 01 05 43 00 01 00 00 00 42 00 00 00 00 74
00 01 05 43 00 01 00 00 00 42 00 00 00 00 74
00 01 05 43 00 01 00 00 00 42 00 00 00 00 74
00 01 05 43 00 01 00 00 00 42 00 00 00 00 74
00 01 05 43 00 01 00 00 00 42 00 00 00 00 74
00 01 05 43 00 01 00 00 00 42 00 00 00 00 74
00 01 05 43 00 01 00 00 00 42 00 00 00 00 74
00 01 05 43 00 01 00 00 00 42 00 00 00 00 74
00 01 05 43 00 01 00 00 00 42 00 00 00 00 74
00 01 05 43 00 01 00 00 00 42 00 00 00 00 74
00 01 05 43 00 01 00 00 00 42 00 00 00 00 74
00 01 05 43 00 01 00 00 00 42 00 00 00 00 74
00 01 05 43 00 01 00 00 00 42 00 00 00 00 74
00 01 05 43 00 01 00 00 00 42 00 00 00 00 74
00 01 05 43 00 01 00 00 00 42 00 00 00 00 74
00 01 05 43 00 01 00 00 00 42 00 00 00 00 74
00 01 05 43 00 01 00 00 00 42 00 00 00 00 74
00 01 05 43 00 01 00 00 00 42 00 00 00 00 74
00 01 05 43 00 01 00 00 00 42 00 00 00 00 74
00 01 05 43 00 01 00 00 00 42 00 00 00 00 74
00 01 05 43 00 01 00 00 00 42 00 00 00 00 74
00 01 05 43 00 01 00 00 00 42 00 00 00 00 74
00 01 05 43 00 01 00 00 00 42 00 00 00 00 74
00 01 05 43 00 01 00 00 00 42 00 00 00 00 74
00 01 05 43 00 01 00 00 00 42 00 00 00 00 74
00 01 05 43 00 01 00 00 00 42 00 00 00 00 74
00 01 05 43 00 01 00 00 00 42 00 00 00 00 74
00 01 05 43 00 01 00 00 00 42 00 00 00 00 74
00 01 05 43 00 01 00 00 00 42 00 00 00 00 74
00 01 05 43 00 01 00 00 00 42 00 00 00 00 74
00 01 05 43 00 01 00 00 00 42 00 00 00 00 74
00 01 05 43 00 01 00 00 00 42 00 00 00 00 74
00 01 05 43 00 01 00 00 00 42 00 00 00 00 74
00 01 05 43 00 01 00 00 00 42 00 00 00 00 74
00 01 05 43 00 01 00 00 00 42 00 00 00 00 74
00 01 05 43 00 01 00 00 00 42 00 00 00 00 74
00 01 05 43 00 01 00 00 00 42 00 00 00 00 74
00 01 05 43 00 01 00 00 00 42 00 00 00 00 74
00 01 05 43 00 01 00 00 00 42 00 00 00 00 74
00 01 05 43 00 01 00 00 00 42 00 00 00 00 74
00 01 05 43 00 01 00 00 00 42 00 00 00 00 74
00 01 05 43 00 01 00 00 00 42 00 00 00 00 74
00 01 05 43 00 01 00 00 00 42 00 00 00 00 74
00 01 05 43 00 01 00 00 00 42 00 00 00 00 74
00 01 05 43 00 01 00 00 00 42 00 00 00 00 74
00 01 05 43 00 01 00 00 00 42 00 00 00 00 74
00 01 05 43 00 01 00 00 00 42 00 00 00 00 74
00 01 05 43 00 01 00 00 00 42 00 00 00 00 74
00 01 05 43 00 01 00 00 00 42 00 00 00 00 74
00 01 05 43 00 01 00 00 00 42 00 00 00 00 74
00 01 05 43 00 01 00 00 00 42 00 00 00 00 74
00 01 05 43 00 01 00 00 00 42 00 00 00 00 74
00 01 05 43 00 01 00 00 00 42 00 00 00 00 74
00 01 05 43 00 01 00 00 00 42 00 00 00 00 74
00 01 05 43 00 01 00 00 00 42 00 00 00 00 74
00 01 05 43 00 01 00 00 00 42 00 00 00 00 74
00 01 05 43 00 01 00 00 00 42 00 00 00 00 74
00 01 05 43 00 01 00 00 00 42 00 00 00 00 74
00 01 05 43 00 01 00 00 00 42 00 00 00 00 74
00 01 05 43 00 01 00 00 00 42 00 00 00 00 74
00 01 05 43 00 01 00 00 00 42 00 00 00 00 74
00 01 05 43 00 01 00 00 00 42 00 00 00 00 74
00 01 05 43 00 01 00 00 00 42 00 00 00 00 74
00 01 05 43 00 01 00 00 00 42 00 00 00 00 74
00 01 05 43 00 01 00 00 00 42 00 00 00 00 74
00 01 05 43 00 01 00 00 00 42 00 00 00 00 74
00 01 05 43 00 01 00 00 00 42 00 00 00 00 74
00 01 05 43 00 01 00 00 00 42 00 00 00 00 74
00 01 05 43 00 01 00 00 00 42 00 00 00 00 74
00 01 05 43 00 01 00 00 00 42 00 00 00 00 74
00 01 05 43 00 01 00 00 00 42 00 00 00 00 74
00 01 05 43 00 01 00 00 00 42 00 00 00 00 74
00 01 05 43 00 01 00 00 00 42 00 00 00 00 74
00 01 05 43 00 01 00 00 00 42 00 00 00 00 74
00 01 05 43 00 01 00 00 00 42 00 00 00 00 74
00 01 05 43 00 01 00 00 00 42 00 00 00 00 74
00 01 05 43 00 01 00 00 00 42 00 00 00 00 74
00 01 05 43 00 01 00 00 00 42 00 00 00 00 74
00 01 05 43 00 01 00 00 00 42 00 00 00 00 74
00 01 05 43 00 01 00 00 00 42 00 00 00 00 74
00 01 05 43 00 01 00 00 00 42 00 00 00 00 74
00 01 05 43 00 01 00 00 00 42 00 00 00 00 74
00 01 05 43 00 01 00 00 00 42 00 00 00 00 74
00 01 05 43 00 01 00 00 00 42 00 00 00 00 74
00 01 05 43 00 01 00 00 00 42 00 00 00 00 74
00 01 05 43 00 01 00 00 00 42 00 00 00 00 74
00 01 05 43 00 01 00 00 00 42 00 00 00 00 74
00 01 05 43 00 01 00 00 00 42 00 00 00 00 74
00 01 05 43 00 01 00 00 00 42 00 00 00 00 74
00 01 05 43 00 01 00 00 00 42 00 00 00 00 74
00 01 05 43 00 01 00 00 00 42 00 00 00 00 74
00 01 05 43 00 01 00 00 00 42 00 00 00 00 74
00 01 05 43 00 01 00 00 00 42 00 00 00 00 74
00 01 05 43 00 01 00 00 00 42 00 00 00 00 74
00 01 05 43 00 01 00 00 00 42 00 00 00 00 74
00 01 05 43 00 01 00 00 00 42 00 00 00 00 74
00 01 05 43 00 01 00 00 00 42 00 00 00 00 74
00 01 05 43 00 01 00 00 00 42 00 00 00 00 74
00 01 05 43 00 01 00 00 00 42 00 00 00 00 74
00 01 05 43 00 01 00 00 00 42 00 00 00 00 74
00 01 05 43 00 01 00 00 00 42 00 00 00 00 74
00 01 05 43 00 01 00 00 00 42 00 00 00 00 74
00 01 05 43 00 01 00 00 00 42 00 00 00 00 74
00 01 05 43 00 01 00 00 00 42 00 00 00 00 74
00 01 05 43 00 01 00 00 00 42 00 00 00 00 74
00 01 05 43 00 01 00 00 00 42 00 00 00 00 74
00 01 05 43 00 01 00 00 00 42 00 00 00 00 74
00 01 05 43 00 01 00 00 00 42 00 00 00 00 74
00 01 05 43 00 01 00 00 00 42 00 00 00 00 74
00 01 05 43 00 01 00 00 00 42 00 00 00 00 74
00 01 05 43 00 01 00 00 00 42 00 00 00 00 74
00 01 05 43 00 01 00 00 00 42 00 00 00 00 74
00 01 05 43 00 01 00 00 00 42 00 00 00 00 74
00 01 05 43 00 01 00 00 00 42 00 00 00 00 74
00 01 05 43 00 01 00 00 00 42 00 00 00 00 74
00 01 05 43 00 01 00 00 00 42 00 00 00 00 74
00 01 05 43 00 01 00 00 00 42 00 00 00 00 74
00 01 05 43 00 01 00 00 00 42 00 00 00 00 74
00 01 05 43 00 01 00 00 00 42 00 00 00 00 74
00 01 05 43 00 01 00 00 00 42 00 00 00 00 74
00 01 05 43 00 01 00 00 00 42 00 00 00 00 74
00 01 05 43 00 01 00 00 00 42 00 00 00 00 74
00 01 05 43 00 01 00 00 00 42 00 00 00 00 74
00 01 05 43 00 01 00 00 00 42 00 00 00 00 74
00 01 05 43 00 01 00 00 00 42 00 00 00 00 74
00 01 05 43 00 01 00 00 00 42 00 00 00 00 74
00 01 05 43 00 01 00 00 00 42 00 00 00 00 74
00 01 05 43 00 01 00 00 00 42 00 00 00 00 74
00 01 05 43 00 01 00 00 00 42 00 00 00 00 74
00 01 05 43 00 01 00 00 00 42 00 00 00 00 74
00 01 05 43 00 01 00 00 00 42 00 00 00 00 74
00 01 05 43 00 01 00 00 00 42 00 00 00 00 74
00 01 05 43 00 01 00 00 00 42 00 00 00 00 74
00 01 05 43 00 01 00 00 00 42 00 00 00 00 74
00 01 05 43 00 01 00 00 00 42 00 00 00 00 74
00 01 05 43 00 01 00 00 00 42 00 00 00 00 74
00 01 05 43 00 01 00 00 00 42 00 00 00 00 74
00 01 05 43 00 01 00 00 00 42 00 00 00 00 74
00 01 05 43 00 01 00 00 00 42 00 00 00 00 74
00 01 05 43 00 01 00 00 00 42 00 00 00 00 74
00 01 05 43 00 01 00 00 00 42 00 00 00 00 74
00 01 05 43 00 01 00 00 00 42 00 00 00 00 74
00 01 05 43 00 01 00 00 00 42 00 00 00 00 74
00 01 05 43 00 01 00 00 00 42 00 00 00 00 74
00 01 05 43 00 01 00 00 00 42 00 00 00 00 74
00 01 05 43 00 01 00 00 00 42 00 00 00 00 74
00 01 05 43 00 01 00 00 00 42 00 00 00 00 74
00 01 05 43 00 01 00 00 00 42 00 00 00 00 74
00 01 05 43 00 01 00 00 00 42 00 00 00 00 74
00 01 05 43 00 01 00 00 00 42 00 00 00 00 74
00 01 05 43 00 01 00 00 00 42 00 00 00 00 74
00 01 05 43 00 01 00 00 00 42 00 00 00 00 74
00 01 05 43 00 01 00 00 00 42 00 00 00 00 74
00 01 05 43 00 01 00 00 00 42 00 00 00 00 74
00 01 05 43 00 01 00 00 00 42 00 00 00 00 74
00 01 05 43 00 01 00 00 00 42 00 00 00 00 74
00 01 05 43 00 01 00 00 00 42 00 00 00 00 74
00 01 05 43 00 01 00 00 00 42 00 00 00 00 74
00 01 05 43 00 01 00 00 00 42 00 00 00 00 74
00 01 05 43 00 01 00 00 00 42 00 00 00 00 74
00 01 05 43 00 01 00 00 00 42 00 00 00 00 74
00 01 05 43 00 01 00 00 00 42 00 00 00 00 74
00 01 05 43 00 01 00 00 00 42 00 00 00 00 74
00 01 05 43 00 01 00 00 00 42 00 00 00 00 74
00 01 05 43 00 01 00 00 00 42 00 00 00 00 74
00 01 05 43 00 01 00 00 00 42 00 00 00 00 74
00 01 05 43 00 01 00 00 00 42 00 00 00 00 74
00 01 05 43 00 01 00 00 00 42 00 00 00 00 74
00 01 05 43 00 01 00 00 00 42 00 00 00 00 74
00 01 05 43 00 01 00 00 00 42 00 00 00 00 74
00 01 05 43 00 01 00 00 00 42 00 00 00 00 74
00 01 05 43 00 01 00 00 00 42 00 00 00 00 74
00 01 05 43 00 01 00 00 00 42 00 00 00 00 74
00 01 05 43 00 01 00 00 00 42 00 00 00 00 74
00 01 05 43 00 01 00 00 00 42 00 00 00 00 74
00 01 05 43 00 01 00 00 00 42 00 00 00 00 74
00 01 05 43 00 01 00 00 00 42 00 00 00 00 74
00 01 05 43 00 01 00 00 00 42 00 00 00 00 74
00 01 05 43 00 01 00 00 00 42 00 00 00 00 74
00 01 05 43 00 01 00 00 00 42 00 00 00 00 74
00 01 05 43 00 01 00 00 00 42 00 00 00 00 74
00 01 05 43 00 01 00 00 00 42 00 00 00 00 74
00 01 05 43 00 01 00 00 00 42 00 00 00 00 74
00 01 05 43 00 01 00 00 00 42 00 00 00 00 74
00 01 05 43 00 01 00 00 00 42 00 00 00 00 74
00 01 05 43 00 01 00 00 00 42 00 00 00 00 74
00 01 05 43 00 01 00 00 00 42 00 00 00 00 74
00 01 05 43 00 01 00 00 00 42 00 00 00 00 74
00 01 05 43 00 01 00 00 00 42 00 00 00 00 74
00 01 05 43 00 01 00 00 00 42 00 00 00 00 74
00 01 05 43 00 01 00 00 00 42 00 00 00 00 74
00 01 05 43 00 01 00 00 00 42 00 00 00 00 74
00 01 05 43 00 01 00 00 00 42 00 00 00 00 74
00 01 05 43 00 01 00 00 00 42 00 00 00 00 74
00 01 05 43 00 01 00 00 00 42 00 00 00 00 74
00 01 05 43 00 01 00 00 00 42 00 00 00 00 74
00 01 05 43 00 01 00 00 00 42 00 00 00 00 74
00 01 05 43 00 01 00 00 00 42 00 00 00 00 74
00 01 05 43 00 01 00 00 00 42 00 00 00 00 74
00 01 05 43 00 01 00 00 00 42 00 00 00 00 74
00 01 05 43 00 01 00 00 00 42 00 00 00 00 74
00 01 05 43 00 01 00 00 00 42 00 00 00 00 74
00 01 05 43 00 01 00 00 00 42 00 00 00 00 74
00 01 05 43 00 01 00 00 00 42 00 00 00 00 74
00 01 05 43 00 01 00 00 00 42 00 00 00 00 74
00 01 05 43 00 01 00 00 00 42 00 00 00 00 74
00 01 05 43 00 01 00 00 00 42 00 00 00 00 74
00 01 05 43 00 01 00 00 00 42 00 00 00 00 74
00 01 05 43 00 01 00 00 00 42 00 00 00 00 74
00 01 05 43 00 01 00 00 00 42 00 00 00 00 74
00 01 05 43 00 01 00 00 00 42 00 00 00 00 74
00 01 05 43 00 01 00 00 00 42 00 00 00 00 74
00 01 05 43 00 01 00 00 00 42 00 00 00 00 74
00 01 05 43 00 01 00 00 00 42 00 00 00 00 74
00 01 05 43 00 01 00 00 00 42 00 00 00 00 74
00 01 05 43 00 01 00 00 00 42 00 00 00 00 74
00 01 05 43 00 01 00 00 00 42 00 00 00 00 74
00 01 05 43 00 01 00 00 00 42 00 00 00 00 74
00 01 05 43 00 01 00 00 00 42 00 00 00 00 74
00 01 05 43 00 01 00 00 00 42 00 00 00 00 74
00 01 05 43 00 01 00 00 00 42 00 00 00 00 74
00 01 05 43 00 01 00 00 00 42 00 00 00 00 74
00 01 05 43 00 01 00 00 00 42 00 00 00 00 74
00 01 05 43 00 01 00 00 00 42 00 00 00 00 74
00 01 05 43 00 01 00 00 00 42 00 00 00 00 74
00 01 05 43 00 01 00 00 00 42 00 00 00 00 74
00 01 05 43 00 01 00 00 00 42 00 00 00 00 74
00 01 05 43 00 01 00 00 00 42 00 00 00 00 74
00 01 05 43 00 01 00 00 00 42 00 00 00 00 74
00 01 05 43 00 01 00 00 00 42 00 00 00 00 74
00 01 05 43 00 01 00 00 00 42 00 00 00 00 74
00 01 05 43 00 01 00 00 00 42 00 00 00 00 74
00 01 05 43 00 01 00 00 00 42 00 00 00 00 74
00 01 05 43 00 01 00 00 00 42 00 00 00 00 74
00 01 05 43 00 01 00 00 00 42 00 00 00 00 74
00 01 05 43 00 01 00 00 00 42 00 00 00 00 74
00 01 05 43 00 01 00 00 00 42 00 00 00 00 74
00 01 05 43 00 01 00 00 00 42 00 00 00 00 74
00 01 05 43 00 01 00 00 00 42 00 00 00 00 74
00 01 05 43 00 01 00 00 00 42 00 00 00 00 74
00 01 05 43 00 01 00 00 00 42 00 00 00 00 74
00 01 05 43 00 01 00 00 00 42 00 00 00 00 74
00 01 05 43 00 01 00 00 00 42 00 00 00 00 74
00 01 05 43 00 01 00 00 00 42 00 00 00 00 74
00 01 05 43 00 01 00 00 00 42 00 00 00 00 74
00 01 05 43 00 01 00 00 00 42 00 00 00 00 74
00 01 05 43 00 01 00 00 00 42 00 00 00 00 74
00 01 05 43 00 01 00 00 00 42 00 00 00 00 74
00 01 05 43 00 01 00 00 00 42 00 00 00 00 74
00 01 05 43 00 01 00 00 00 42 00 00 00 00 74
00 01 05 43 00 01 00 00 00 42 00 00 00 00 74
00 01 05 43 00 01 00 00 00 42 00 00 00 00 74
00 01 05 43 00 01 00 00 00 42 00 00 00 00 74
00 01 05 43 00 01 00 00 00 42 00 00 00 00 74
00 01 05 43 00 01 00 00 00 42 00 00 00 00 74
00 01 05 43 00 01 00 00 00 42 00 00 00 00 74
00 01 05 43 00 01 00 00 00 42 00 00 00 00 74
00 01 05 43 00 01 00 00 00 42 00 00 00 00 74
00 01 05 43 00 01 00 00 00 42 00 00 00 00 74
00 01 05 43 00 01 00 00 00 42 00 00 00 00 74
00 01 05 43 00 01 00 00 00 42 00 00 00 00 74
00 01 05 43 00 01 00 00 00 42 00 00 00 00 74
00 01 05 43 00 01 00 00 00 42 00 00 00 00 74
00 01 05 43 00 01 00 00 00 42 00 00 00 00 74
00 01 05 43 00 01 00 00 00 42 00 00 00 00 74
00 01 05 43 00 01 00 00 00 42 00 00 00 00 74
00 01 05 43 00 01 00 00 00 42 00 00 00 00 74
00 01 05 43 00 01 00 00 00 42 00 00 00 00 74
00 01 05 43 00 01 00 00 00 42 00 00 00 00 74
00 01 05 43 00 01 00 00 00 42 00 00 00 00 74
00 01 05 43 00 01 00 00 00 42 00 00 00 00 74
00 01 05 43 00 01 00 00 00 42 00 00 00 00 74
00 01 05 43 00 01 00 00 00 42 00 00 00 00 74
00 01 05 43 00 01 00 00 00 42 00 00 00 00 74
00 01 05 43 00 01 00 00 00 42 00 00 00 00 74
00 01 05 43 00 01 00 00 00 42 00 00 00 00 74
00 01 05 43 00 01 00 00 00 42 00 00 00 00 74
00 01 05 43 00 01 00 00 00 42 00 00 00 00 74
00 01 05 43 00 01 00 00 00 42 00 00 00 00 74
00 01 05 43 00 01 00 00 00 42 00 00 00 00 74
00 01 05 43 00 01 00 00 00 42 00 00 00 00 74
00 01 05 43 00 01 00 00 00 42 00 00 00 00 74
00 01 05 43 00 01 00 00 00 42 00 00 00 00 74
00 01 05 43 00 01 00 00 00 42 00 00 00 00 74
00 01 05 43 00 01 00 00 00 42 00 00 00 00 74
00 01 05 43 00 01 00 00 00 42 00 00 00 00 74
00 01 05 43 00 01 00 00 00 42 00 00 00 00 74
00 01 05 43 00 01 00 00 00 42 00 00 00 00 74
00 01 05 43 00 01 00 00 00 42 00 00 00 00 74
00 01 05 43 00 01 00 00 00 42 00 00 00 00 74
00 01 05 43 00 01 00 00 00 42 00 00 00 00 74
00 01 05 43 00 01 00 00 00 42 00 00 00 00 74
00 01 05 43 00 01 00 00 00 42 00 00 00 00 74
00 01 05 43 00 01 00 00 00 42 00 00 00 00 74
00 01 05 43 00 01 00 00 00 42 00 00 00 00 74
00 01 05 43 00 01 00 00 00 42 00 00 00 00 74
00 01 05 43 00 01 00 00 00 42 00 00 00 00 74
00 01 05 43 00 01 00 00 00 42 00 00 00 00 74
00 01 05 43 00 01 00 00 00 42 00 00 00 00 74
00 01 05 43 00 01 00 00 00 42 00 00 00 00 74
00 01 05 43 00 01 00 00 00 42 00 00 00 00 74
00 01 05 43 00 01 00 00 00 42 00 00 00 00 74
00 01 05 43 00 01 00 00 00 42 00 00 00 00 74
00 01 05 43 00 01 00 00 00 42 00 00 00 00 74
00 01 05 43 00 01 00 00 00 42 00 00 00 00 74
00 01 05 43 00 01 00 00 00 42 00 00 00 00 74
00 01 05 43 00 01 00 00 00 42 00 00 00 00 74
00 01 05 43 00 01 00 00 00 42 00 00 00 00 74
00 01 05 43 00 01 00 00 00 42 00 00 00 00 74
00 01 05 43 00 01 00 00 00 42 00 00 00 00 74
00 01 05 43 00 01 00 00 00 42 00 00 00 00 74
00 01 05 43 00 01 00 00 00 42 00 00 00 00 74
00 01 05 43 00 01 00 00 00 42 00 00 00 00 74
00 01 05 43 00 01 00 00 00 42 00 00 00 00 74
00 01 05 43 00 01 00 00 00 42 00 00 00 00 74
00 01 05 43 00 01 00 00 00 42 00 00 00 00 74
00 01 05 43 00 01 00 00 00 42 00 00 00 00 74
00 01 05 43 00 01 00 00 00 42 00 00 00 00 74
00 01 05 43 00 01 00 00 00 42 00 00 00 00 74
00 01 05 43 00 01 00 00 00 42 00 00 00 00 74
00 01 05 43 00 01 00 00 00 42 00 00 00 00 74
00 01 05 43 00 01 00 00 00 42 00 00 00 00 74
00 01 05 43 00 01 00 00 00 42 00 00 00 00 74
00 01 05 43 00 01 00 00 00 42 00 00 00 00 74
00 01 05 43 00 01 00 00 00 42 00 00 00 00 74
00 01 05 43 00 01 00 00 00 42 00 00 00 00 74
00 01 05 43 00 01 00 00 00 42 00 00 00 00 74
00 01 05 43 00 01 00 00 00 42 00 00 00 00 74
00 01 05 43 00 01 00 00 00 42 00 00 00 00 74
00 01 05 43 00 01 00 00 00 42 00 00 00 00 74
00 01 05 43 00 01 00 00 00 42 00 00 00 00 74
00 01 05 43 00 01 00 00 00 42 00 00 00 00 74
00 01 05 43 00 01 00 00 00 42 00 00 00 00 74
00 01 05 43 00 01 00 00 00 42 00 00 00 00 74
00 01 05 43 00 01 00 00 00 42 00 00 00 00 74
00 01 05 43 00 01 00 00 00 42 00 00 00 00 74
00 01 05 43 00 01 00 00 00 42 00 00 00 00 74
00 01 05 43 00 01 00 00 00 42 00 00 00 00 74
00 01 05 43 00 01 00 00 00 42 00 00 00 00 74
00 01 05 43 00 01 00 00 00 42 00 00 00 00 74
00 01 05 43 00 01 00 00 00 42 00 00 00 00 74
00 01 05 43 00 01 00 00 00 42 00 00 00 00 74
00 01 05 43 00 01 00 00 00 42 00 00 00 00 74
00 01 05 43 00 01 00 00 00 42 00 00 00 00 74
00 01 05 43 00 01 00 00 00 42 00 00 00 00 74
00 01 05 43 00 01 00 00 00 42 00 00 00 00 74
00 01 05 43 00 01 00 00 00 42 00 00 00 00 74
00 01 05 43 00 01 00 00 00 42 00 00 00 00 74
00 01 05 43 00 01 00 00 00 42 00 00 00 00 74
00 01 05 43 00 01 00 00 00 42 00 00 00 00 74
00 01 05 43 00 01 00 00 00 42 00 00 00 00 74
00 01 05 43 00 01 00 00 00 42 00 00 00 00 74
00 01 05 43 00 01 00 00 00 42 00 00 00 00 74
00 01 05 43 00 01 00 00 00 42 00 00 00 00 74
00 01 05 43 00 01 00 00 00 42 00 00 00 00 74
00 01 05 43 00 01 00 00 00 42 00 00 00 00 74
00 01 05 43 00 01 00 00 00 42 00 00 00 00 74
00 01 05 43 00 01 00 00 00 42 00 00 00 00 74
00 01 05 43 00 01 00 00 00 42 00 00 00 00 74
00 01 05 43 00 01 00 00 00 42 00 00 00 00 74
00 01 05 43 00 01 00 00 00 42 00 00 00 00 74
00 01 05 43 00 01 00 00 00 42 00 00 00 00 74
00 01 05 43 00 01 00 00 00 42 00 00 00 00 74
00 01 05 43 00 01 00 00 00 42 00 00 00 00 74
00 01 05 43 00 01 00 00 00 42 00 00 00 00 74
00 01 05 43 00 01 00 00 00 42 00 00 00 00 74
00 01 05 43 00 01 00 00 00 42 00 00 00 00 74
00 01 05 43 00 01 00 00 00 42 00 00 00 00 74
00 01 05 43 00 01 00 00 00 42 00 00 00 00 74
00 01 05 43 00 01 00 00 00 42 00 00 00 00 74
00 01 05 43 00 01 00 00 00 42 00 00 00 00 74
00 01 05 43 00 01 00 00 00 42 00 00 00 00 74
00 01 05 43 00 01 00 00 00 42 00 00 00 00 74
00 01 05 43 00 01 00 00 00 42 00 00 00 00 74
00 01 05 43 00 01 00 00 00 42 00 00 00 00 74
00 01 05 43 00 01 00 00 00 42 00 00 00 00 74
00 01 05 43 00 01 00 00 00 42 00 00 00 00 74
00 01 05 43 00 01 00 00 00 42 00 00 00 00 74
00 01 05 43 00 01 00 00 00 42 00 00 00 00 74
00 01 05 43 00 01 00 00 00 42 00 00 00 00 74
00 01 05 43 00 01 00 00 00 42 00 00 00 00 74
00 01 05 43 00 01 00 00 00 42 00 00 00 00 74
00 01 05 43 00 01 00 00 00 42 00 00 00 00 74
00 01 05 43 00 01 00 00 00 42 00 00 00 00 74
00 01 05 43 00 01 00 00 00 42 00 00 00 00 74
00 01 05 43 00 01 00 00 00 42 00 00 00 00 74
00 01 05 43 00 01 00 00 00 42 00 00 00 00 74
00 01 05 43 00 01 00 00 00 42 00 00 00 00 74
00 01 05 43 00 01 00 00 00 42 00 00 00 00 74
00 01 05 43 00 01 00 00 00 42 00 00 00 00 74
00 01 05 43 00 01 00 00 00 42 00 00 00 00 74
00 01 05 43 00 01 00 00 00 42 00 00 00 00 74
00 01 05 43 00 01 00 00 00 42 00 00 00 00 74
00 01 05 43 00 01 00 00 00 42 00 00 00 00 74
00 01 05 43 00 01 00 00 00 42 00 00 00 00 74
00 01 05 43 00 01 00 00 00 42 00 00 00 00 74
00 01 05 43 00 01 00 00 00 42 00 00 00 00 74
00 01 05 43 00 01 00 00 00 42 00 00 00 00 74
00 01 05 43 00 01 00 00 00 42 00 00 00 00 74
00 01 05 43 00 01 00 00 00 42 00 00 00 00 74
00 01 05 43 00 01 00 00 00 42 00 00 00 00 74
00 01 05 43 00 01 00 00 00 42 00 00 00 00 74
00 01 05 43 00 01 00 00 00 42 00 00 00 00 74
00 01 05 43 00 01 00 00 00 42 00 00 00 00 74
00 01 05 43 00 01 00 00 00 42 00 00 00 00 74
00 01 05 43 00 01 00 00 00 42 00 00 00 00 74
00 01 05 43 00 01 00 00 00 42 00 00 00 00 74
00 01 05 43 00 01 00 00 00 42 00 00 00 00 74
00 01 05 43 00 01 00 00 00 42 00 00 00 00 74
00 01 05 43 00 01 00 00 00 42 00 00 00 00 74
00 01 05 43 00 01 00 00 00 42 00 00 00 00 74
00 01 05 43 00 01 00 00 00 42 00 00 00 00 74
00 01 05 43 00 01 00 00 00 42 00 00 00 00 74
00 01 05 43 00 01 00 00 00 42 00 00 00 00 74
00 01 05 43 00 01 00 00 00 42 00 00 00 00 74
00 01 05 43 00 01 00 00 00 42 00 00 00 00 74
00 01 05 43 00 01 00 00 00 42 00 00 00 00 74
00 01 05 43 00 01 00 00 00 42 00 00 00 00 74
00 01 05 43 00 01 00 00 00 42 00 00 00 00 74
00 01 05 43 00 01 00 00 00 42 00 00 00 00 74
00 01 05 43 00 01 00 00 00 42 00 00 00 00 74
00 01 05 43 00 01 00 00 00 42 00 00 00 00 74
00 01 05 43 00 01 00 00 00 42 00 00 00 00 74
00 01 05 43 00 01 00 00 00 42 00 00 00 00 74
00 01 05 43 00 01 00 00 00 42 00 00 00 00 74
00 01 05 43 00 01 00 00 00 42 00 00 00 00 74
00 01 05 43 00 01 00 00 00 42 00 00 00 00 74
00 01 05 43 00 01 00 00 00 42 00 00 00 00 74
00 01 05 43 00 01 00 00 00 42 00 00 00 00 74
00 01 05 43 00 01 00 00 00 42 00 00 00 00 74
00 01 05 43 00 01 00 00 00 42 00 00 00 00 74
00 01 05 43 00 01 00 00 00 42 00 00 00 00 74
00 01 05 43 00 01 00 00 00 42 00 00 00 00 74
00 01 05 43 00 01 00 00 00 42 00 00 00 00 74
00 01 05 43 00 01 00 00 00 42 00 00 00 00 74
00 01 05 43 00 01 00 00 00 42 00 00 00 00 74
00 01 05 43 00 01 00 00 00 42 00 00 00 00 74
00 01 05 43 00 01 00 00 00 42 00 00 00 00 74
00 01 05 43 00 01 00 00 00 42 00 00 00 00 74
00 01 05 43 00 01 00 00 00 42 00 00 00 00 74
00 01 05 43 00 01 00 00 00 42 00 00 00 00 74
00 01 05 43 00 01 00 00 00 42 00 00 00 00 74
00 01 05 43 00 01 00 00 00 42 00 00 00 00 74
00 01 05 43 00 01 00 00 00 42 00 00 00 00 74
00 01 05 43 00 01 00 00 00 42 00 00 00 00 74
00 01 05 43 00 01 00 00 00 42 00 00 00 00 74
00 01 05 43 00 01 00 00 00 42 00 00 00 00 74
00 01 05 43 00 01 00 00 00 42 00 00 00 00 74
00 01 05 43 00 01 00 00 00 42 00 00 00 00 74
00 01 05 43 00 01 00 00 00 42 00 00 00 00 74
00 01 05 43 00 01 00 00 00 42 00 00 00 00 74
00 01 05 43 00 01 00 00 00 42 00 00 00 00 74
00 01 05 43 00 01 00 00 00 42 00 00 00 00 74
00 01 05 43 00 01 00 00 00 42 00 00 00 00 74
00 01 05 43 00 01 00 00 00 42 00 00 00 00 74
00 01 05 43 00 01 00 00 00 42 00 00 00 00 74
00 01 05 43 00 01 00 00 00 42 00 00 00 00 74
00 01 05 43 00 01 00 00 00 42 00 00 00 00 74
00 01 05 43 00 01 00 00 00 42 00 00 00 00 74
00 01 05 43 00 01 00 00 00 42 00 00 00 00 74
00 01 05 43 00 01 00 00 00 42 00 00 00 00 74
00 01 05 43 00 01 00 00 00 42 00 00 00 00 74
00 01 05 43 00 01 00 00 00 42 00 00 00 00 74
00 01 05 43 00 01 00 00 00 42 00 00 00 00 74
00 01 05 43 00 01 00 00 00 42 00 00 00 00 74
00 01 05 43 00 01 00 00 00 42 00 00 00 00 74
00 01 05 43 00 01 00 00 00 42 00 00 00 00 74
00 01 05 43 00 01 00 00 00 42 00 00 00 00 74
00 01 05 43 00 01 00 00 00 42 00 00 00 00 74
00 01 05 43 00 01 00 00 00 42 00 00 00 00 74
00 01 05 43 00 01 00 00 00 42 00 00 00 00 74
00 01 05 43 00 01 00 00 00 42 00 00 00 00 74
00 01 05 43 00 01 00 00 00 42 00 00 00 00 74
00 01 05 43 00 01 00 00 00 42 00 00 00 00 74
00 01 05 43 00 01 00 00 00 42 00 00 00 00 74
00 01 05 43 00 01 00 00 00 42 00 00 00 00 74
00 01 05 43 00 01 00 00 00 42 00 00 00 00 74
00 01 05 43 00 01 00 00 00 42 00 00 00 00 74
00 01 05 43 00 01 00 00 00 42 00 00 00 00 74
00 01 05 43 00 01 00 00 00 42 00 00 00 00 74
00 01 05 43 00 01 00 00 00 42 00 00 00 00 74
00 01 05 43 00 01 00 00 00 42 00 00 00 00 74
00 01 05 43 00 01 00 00 00 42 00 00 00 00 74
00 01 05 43 00 01 00 00 00 42 00 00 00 00 74
00 01 05 43 00 01 00 00 00 42 00 00 00 00 74
00 01 05 43 00 01 00 00 00 42 00 00 00 00 74
00 01 05 43 00 01 00 00 00 42 00 00 00 00 74
00 01 05 43 00 01 00 00 00 42 00 00 00 00 74
00 01 05 43 00 01 00 00 00 42 00 00 00 00 74
00 01 05 43 00 01 00 00 00 42 00 00 00 00 74
00 01 05 43 00 01 00 00 00 42 00 00 00 00 74
00 01 05 43 00 01 00 00 00 42 00 00 00 00 74
00 01 05 43 00 01 00 00 00 42 00 00 00 00 74
00 01 05 43 00 01 00 00 00 42 00 00 00 00 74
00 01 05 43 00 01 00 00 00 42 00 00 00 00 74
00 01 05 43 00 01 00 00 00 42 00 00 00 00 74
00 01 05 43 00 01 00 00 00 42 00 00 00 00 74
00 01 05 43 00 01 00 00 00 42 00 00 00 00 74
00 01 05 43 00 01 00 00 00 42 00 00 00 00 74
00 01 05 43 00 01 00 00 00 42 00 00 00 00 74
00 01 05 43 00 01 00 00 00 42 00 00 00 00 74
00 01 05 43 00 01 00 00 00 42 00 00 00 00 74
00 01 05 43 00 01 00 00 00 42 00 00 00 00 74
00 01 05 43 00 01 00 00 00 42 00 00 00 00 74
00 01 05 43 00 01 00 00 00 42 00 00 00 00 74
00 01 05 43 00 01 00 00 00 42 00 00 00 00 74
00 01 05 43 00 01 00 00 00 42 00 00 00 00 74
00 01 05 43 00 01 00 00 00 42 00 00 00 00 74
00 01 05 43 00 01 00 00 00 42 00 00 00 00 74
00 01 05 43 00 01 02 00 02 01 04 78 3F 06 70
00 01 05 43 00 01 04 00 02 01 7F 07 40 7F 6A
00 01 05 43 00 03 00 0A 03 01 00 00 00 00 01 00 00 00 34 00 00 00 71
00 01 05 43 00 03 00 0B 03 01 00 00 00 00 01 00 00 00 34 00 00 00 70
00 01 05 43 00 03 00 0C 03 01 00 00 00 00 01 00 00 00 34 00 00 00 6F
00 01 05 43 00 03 00 0D 03 01 00 00 00 00 01 00 00 00 34 00 00 00 6E
00 01 05 43 00 03 00 0E 03 01 00 00 00 00 01 00 00 00 34 00 00 00 6D
00 01 05 43 00 03 00 0F 03 01 00 00 00 00 01 00 00 00 34 00 00 00 6C
00 01 05 43 00 03 00 10 03 01 00 00 00 00 01 00 00 00 34 00 00 00 6B
00 01 05 43 00 03 00 11 03 01 00 00 00 00 01 00 00 00 34 00 00 00 6A
00 01 05 43 00 03 00 12 03 01 00 00 00 00 01 00 00 00 34 00 00 00 69
00 01 05 43 00 03 00 13 03 01 00 00 00 00 01 00 00 00 34 00 00 00 68
00 01 05 43 00 01 02 00 00 5F 00 00 00 00 55
00 01 05 43 00 01 06 00 01 00 02 00 00 00 2D
00 01 05 43 00 01 08 00 01 44 40 00 00 00 29
00 01 05 43 00 01 08 01 01 44 00 00 00 00 68
00 01 05 43 00 01 08 02 01 44 00 00 00 00 67
00 01 05 43 00 01 08 03 01 44 40 00 00 00 26
00 01 05 43 00 01 08 04 01 44 19 00 00 00 4C
00 01 05 43 00 01 08 05 01 44 19 00 00 00 4B
00 01 05 43 00 01 06 00 01 00 05 00 00 00 2A
00 01 05 43 00 01 08 00 01 44 4A 00 00 00 1F
00 01 05 43 00 01 08 01 01 44 00 00 00 00 68
00 01 05 43 00 01 08 02 01 44 00 00 00 00 67
00 01 05 43 00 01 08 03 01 44 4A 00 00 00 1C
00 01 05 43 00 01 08 04 01 44 23 00 00 00 42
00 01 05 43 00 01 08 05 01 44 23 00 00 00 41
00 01 05 43 00 01 06 00 01 00 08 00 00 00 27
00 01 05 43 00 01 08 00 01 44 4C 00 00 00 1D
00 01 05 43 00 01 08 01 01 44 00 00 00 00 68
00 01 05 43 00 01 08 02 01 44 00 00 00 00 67
00 01 05 43 00 01 08 03 01 44 4C 00 00 00 1A
00 01 05 43 00 01 08 04 01 44 25 00 00 00 40
00 01 05 43 00 01 08 05 01 44 25 00 00 00 3F
00 01 05 43 00 01 06 00 01 00 0C 00 00 00 23
00 01 05 43 00 01 08 00 01 44 4E 00 00 00 1B
00 01 05 43 00 01 08 01 01 44 00 00 00 00 68
00 01 05 43 00 01 08 02 01 44 00 00 00 00 67
00 01 05 43 00 01 08 03 01 44 4E 00 00 00 18
00 01 05 43 00 01 08 04 01 44 27 00 00 00 3E
00 01 05 43 00 01 08 05 01 44 27 00 00 00 3D
00 01 05 43 00 01 06 00 01 00 11 00 00 00 1E
00 01 05 43 00 01 08 00 01 44 51 00 00 00 18
00 01 05 43 00 01 08 01 01 44 00 00 00 00 68
00 01 05 43 00 01 08 02 01 44 00 00 00 00 67
00 01 05 43 00 01 08 03 01 44 51 00 00 00 15
00 01 05 43 00 01 08 04 01 44 2A 00 00 00 3B
00 01 05 43 00 01 08 05 01 44 2A 00 00 00 3A
00 01 05 43 00 01 06 00 01 00 17 00 00 00 18
00 01 05 43 00 01 08 00 01 44 54 00 00 00 15
00 01 05 43 00 01 08 01 01 44 00 00 00 00 68
00 01 05 43 00 01 08 02 01 44 00 00 00 00 67
00 01 05 43 00 01 08 03 01 44 54 00 00 00 12
00 01 05 43 00 01 08 04 01 44 2D 00 00 00 38
00 01 05 43 00 01 08 05 01 44 2D 00 00 00 37
00 01 05 43 00 01 06 00 01 00 1B 00 00 00 14
00 01 05 43 00 01 08 00 01 44 57 00 00 00 12
00 01 05 43 00 01 08 01 01 44 00 00 00 00 68
00 01 05 43 00 01 08 02 01 44 00 00 00 00 67
00 01 05 43 00 01 08 03 01 44 57 00 00 00 0F
00 01 05 43 00 01 08 04 01 44 30 00 00 00 35
00 01 05 43 00 01 08 05 01 44 30 00 00 00 34
00 01 05 43 00 01 06 00 01 00 20 00 00 00 0F
00 01 05 43 00 01 08 00 01 44 59 00 00 00 10
00 01 05 43 00 01 08 01 01 44 00 00 00 00 68
00 01 05 43 00 01 08 02 01 44 00 00 00 00 67
00 01 05 43 00 01 08 03 01 44 59 00 00 00 0D
00 01 05 43 00 01 08 04 01 44 32 00 00 00 33
00 01 05 43 00 01 08 05 01 44 32 00 00 00 32
00 01 05 43 00 01 06 00 01 00 25 00 00 00 0A
00 01 05 43 00 01 08 00 01 44 5C 00 00 00 0D
00 01 05 43 00 01 08 01 01 44 00 00 00 00 68
00 01 05 43 00 01 08 02 01 44 00 00 00 00 67
00 01 05 43 00 01 08 03 01 44 5C 00 00 00 0A
00 01 05 43 00 01 08 04 01 44 35 00 00 00 30
00 01 05 43 00 01 08 05 01 44 35 00 00 00 2F
00 01 05 43 00 01 06 00 01 00 2A 00 00 00 05
00 01 05 43 00 01 08 00 01 44 5E 00 00 00 0B
00 01 05 43 00 01 08 01 01 44 00 00 00 00 68
00 01 05 43 00 01 08 02 01 44 00 00 00 00 67
00 01 05 43 00 01 08 03 01 44 5E 00 00 00 08
00 01 05 43 00 01 08 04 01 44 37 00 00 00 2E
00 01 05 43 00 01 08 05 01 44 37 00 00 00 2D
00 01 05 43 00 01 06 00 01 00 30 00 00 00 7F
00 01 05 43 00 01 08 00 01 44 5F 00 00 00 0A
00 01 05 43 00 01 08 01 01 44 00 00 00 00 68
00 01 05 43 00 01 08 02 01 44 00 00 00 00 67
00 01 05 43 00 01 08 03 01 44 5F 00 00 00 07
00 01 05 43 00 01 08 04 01 44 38 00 00 00 2D
00 01 05 43 00 01 08 05 01 44 38 00 00 00 2C
00 01 05 43 00 01 06 00 01 00 36 00 00 00 79
00 01 05 43 00 01 08 00 01 44 61 00 00 00 08
00 01 05 43 00 01 08 01 01 44 00 00 00 00 68
00 01 05 43 00 01 08 02 01 44 00 00 00 00 67
00 01 05 43 00 01 08 03 01 44 61 00 00 00 05
00 01 05 43 00 01 08 04 01 44 3A 00 00 00 2B
00 01 05 43 00 01 08 05 01 44 3A 00 00 00 2A
00 01 05 43 00 01 06 00 01 00 3A 00 00 00 75
00 01 05 43 00 01 08 00 01 44 62 00 00 00 07
00 01 05 43 00 01 08 01 01 44 00 00 00 00 68
00 01 05 43 00 01 08 02 01 44 00 00 00 00 67
00 01 05 43 00 01 08 03 01 44 62 00 00 00 04
00 01 05 43 00 01 08 04 01 44 3B 00 00 00 2A
00 01 05 43 00 01 08 05 01 44 3B 00 00 00 29
00 01 05 43 00 01 06 00 01 00 3C 00 00 00 73
00 01 05 43 00 01 08 00 01 44 62 00 00 00 07
00 01 05 43 00 01 08 01 01 44 00 00 00 00 68
00 01 05 43 00 01 08 02 01 44 00 00 00 00 67
00 01 05 43 00 01 08 03 01 44 62 00 00 00 04
00 01 05 43 00 01 08 04 01 44 3C 00 00 00 29
00 01 05 43 00 01 08 05 01 44 3C 00 00 00 28
00 01 05 43 00 01 06 00 01 00 3E 00 00 00 71
00 01 05 43 00 01 08 00 01 44 63 00 00 00 06
00 01 05 43 00 01 08 01 01 44 00 00 00 00 68
00 01 05 43 00 01 08 02 01 44 00 00 00 00 67
00 01 05 43 00 01 08 03 01 44 63 00 00 00 03
00 01 05 43 00 01 08 04 01 44 3C 00 00 00 29
00 01 05 43 00 01 08 05 01 44 3C 00 00 00 28
00 01 05 43 00 01 06 00 01 00 3C 00 00 00 73
00 01 05 43 00 01 08 00 01 44 62 00 00 00 07
00 01 05 43 00 01 08 01 01 44 00 00 00 00 68
00 01 05 43 00 01 08 02 01 44 00 00 00 00 67
00 01 05 43 00 01 08 03 01 44 62 00 00 00 04
00 01 05 43 00 01 08 04 01 44 3C 00 00 00 29
00 01 05 43 00 01 08 05 01 44 3C 00 00 00 28
00 01 05 43 00 01 06 00 01 00 3A 00 00 00 75
00 01 05 43 00 01 08 00 01 44 62 00 00 00 07
00 01 05 43 00 01 08 01 01 44 00 00 00 00 68
00 01 05 43 00 01 08 02 01 44 00 00 00 00 67
00 01 05 43 00 01 08 03 01 44 62 00 00 00 04
00 01 05 43 00 01 08 04 01 44 3B 00 00 00 2A
00 01 05 43 00 01 08 05 01 44 3B 00 00 00 29
00 01 05 43 00 01 06 00 01 00 37 00 00 00 78
00 01 05 43 00 01 08 00 01 44 61 00 00 00 08
00 01 05 43 00 01 08 01 01 44 00 00 00 00 68
00 01 05 43 00 01 08 02 01 44 00 00 00 00 67
00 01 05 43 00 01 08 03 01 44 61 00 00 00 05
00 01 05 43 00 01 08 04 01 44 3A 00 00 00 2B
00 01 05 43 00 01 08 05 01 44 3A 00 00 00 2A
00 01 05 43 00 01 06 00 01 00 33 00 00 00 7C
00 01 05 43 00 01 08 00 01 44 60 00 00 00 09
00 01 05 43 00 01 08 01 01 44 00 00 00 00 68
00 01 05 43 00 01 08 02 01 44 00 00 00 00 67
00 01 05 43 00 01 08 03 01 44 60 00 00 00 06
00 01 05 43 00 01 08 04 01 44 39 00 00 00 2C
00 01 05 43 00 01 08 05 01 44 39 00 00 00 2B
00 01 05 43 00 01 06 00 01 00 2F 00 00 00 00
00 01 05 43 00 01 08 00 01 44 5F 00 00 00 0A
00 01 05 43 00 01 08 01 01 44 00 00 00 00 68
00 01 05 43 00 01 08 02 01 44 00 00 00 00 67
00 01 05 43 00 01 08 03 01 44 5F 00 00 00 07
00 01 05 43 00 01 08 04 01 44 38 00 00 00 2D
00 01 05 43 00 01 08 05 01 44 38 00 00 00 2C
00 01 05 43 00 01 06 00 01 00 2B 00 00 00 04
00 01 05 43 00 01 08 00 01 44 5E 00 00 00 0B
00 01 05 43 00 01 08 01 01 44 00 00 00 00 68
00 01 05 43 00 01 08 02 01 44 00 00 00 00 67
00 01 05 43 00 01 08 03 01 44 5E 00 00 00 08
00 01 05 43 00 01 08 04 01 44 37 00 00 00 2E
00 01 05 43 00 01 08 05 01 44 37 00 00 00 2D
00 01 05 43 00 01 06 00 01 00 27 00 00 00 08
00 01 05 43 00 01 08 00 01 44 5D 00 00 00 0C
00 01 05 43 00 01 08 01 01 44 00 00 00 00 68
00 01 05 43 00 01 08 02 01 44 00 00 00 00 67
00 01 05 43 00 01 08 03 01 44 5D 00 00 00 09
00 01 05 43 00 01 08 04 01 44 36 00 00 00 2F
00 01 05 43 00 01 08 05 01 44 36 00 00 00 2E
00 01 05 43 00 01 06 00 01 00 23 00 00 00 0C
00 01 05 43 00 01 08 00 01 44 5B 00 00 00 0E
00 01 05 43 00 01 08 01 01 44 00 00 00 00 68
00 01 05 43 00 01 08 02 01 44 00 00 00 00 67
00 01 05 43 00 01 08 03 01 44 5B 00 00 00 0B
00 01 05 43 00 01 08 04 01 44 34 00 00 00 31
00 01 05 43 00 01 08 05 01 44 34 00 00 00 30
00 01 05 43 00 01 06 00 01 00 1F 00 00 00 10
00 01 05 43 00 01 08 00 01 44 59 00 00 00 10
00 01 05 43 00 01 08 01 01 44 00 00 00 00 68
00 01 05 43 00 01 08 02 01 44 00 00 00 00 67
00 01 05 43 00 01 08 03 01 44 59 00 00 00 0D
00 01 05 43 00 01 08 04 01 44 32 00 00 00 33
00 01 05 43 00 01 08 05 01 44 32 00 00 00 32
00 01 05 43 00 01 06 00 01 00 19 00 00 00 16
00 01 05 43 00 01 08 00 01 44 56 00 00 00 13
00 01 05 43 00 01 08 01 01 44 00 00 00 00 68
00 01 05 43 00 01 08 02 01 44 00 00 00 00 67
00 01 05 43 00 01 08 03 01 44 56 00 00 00 10
00 01 05 43 00 01 08 04 01 44 2F 00 00 00 36
00 01 05 43 00 01 08 05 01 44 2F 00 00 00 35
00 01 05 43 00 01 06 00 01 00 13 00 00 00 1C
00 01 05 43 00 01 08 00 01 44 52 00 00 00 17
00 01 05 43 00 01 08 01 01 44 00 00 00 00 68
00 01 05 43 00 01 08 02 01 44 00 00 00 00 67
00 01 05 43 00 01 08 03 01 44 52 00 00 00 14
00 01 05 43 00 01 08 04 01 44 2B 00 00 00 3A
00 01 05 43 00 01 08 05 01 44 2B 00 00 00 39
00 01 05 43 00 01 06 00 01 00 0D 00 00 00 22
00 01 05 43 00 01 08 00 01 44 4F 00 00 00 1A
00 01 05 43 00 01 08 01 01 44 00 00 00 00 68
00 01 05 43 00 01 08 02 01 44 00 00 00 00 67
00 01 05 43 00 01 08 03 01 44 4F 00 00 00 17
00 01 05 43 00 01 08 04 01 44 28 00 00 00 3D
00 01 05 43 00 01 08 05 01 44 28 00 00 00 3C
00 01 05 43 00 01 06 00 01 00 08 00 00 00 27
00 01 05 43 00 01 08 00 01 44 4C 00 00 00 1D
00 01 05 43 00 01 08 01 01 44 00 00 00 00 68
00 01 05 43 00 01 08 02 01 44 00 00 00 00 67
00 01 05 43 00 01 08 03 01 44 4C 00 00 00 1A
00 01 05 43 00 01 08 04 01 44 25 00 00 00 40
00 01 05 43 00 01 08 05 01 44 25 00 00 00 3F
00 01 05 43 00 01 06 00 01 00 01 00 00 00 2E
00 01 05 43 00 01 08 00 01 44 2F 00 00 00 3A
00 01 05 43 00 01 08 01 01 44 00 00 00 00 68
00 01 05 43 00 01 08 02 01 44 00 00 00 00 67
00 01 05 43 00 01 08 03 01 44 2F 00 00 00 37
00 01 05 43 00 01 08 04 01 44 08 00 00 00 5D
00 01 05 43 00 01 08 05 01 44 08 00 00 00 5C
00 01 05 43 00 01 06 00 01 00 00 00 00 00 2F
00 01 05 43 00 01 08 00 01 44 00 00 00 00 69
00 01 05 43 00 01 08 01 01 44 00 00 00 00 68
00 01 05 43 00 01 08 02 01 44 00 00 00 00 67
00 01 05 43 00 01 08 03 01 44 00 00 00 00 66
00 01 05 43 00 01 08 04 01 44 00 00 00 00 65
00 01 05 43 00 01 08 05 01 44 00 00 00 00 64

