mic
00 01 05 43 00 01 00 00 00 44 73 00 00 00 7f sink 0 connect
00 01 05 43 00 01 00 00 00 44 00 00 00 00 72 sink 0 disconnect
00 01 05 43 00 01 00 01 00 44 73 00 00 00 7e sink 1 connect
00 01 05 43 00 01 00 01 00 44 00 00 00 00 71 sink 1 disconnect
00 01 05 43 00 01 00 02 00 44 73 00 00 00 7d sink 2 connect
00 01 05 43 00 01 00 02 00 44 00 00 00 00 70 sink 2 disconnect
00 01 05 43 00 01 00 03 00 44 73 00 00 00 7c sink 3 connect
00 01 05 43 00 01 00 03 00 44 00 00 00 00 6f sink 3 disconnect
00 01 05 43 00 01 00 04 00 44 73 00 00 00 7b sink 4 connect
00 01 05 43 00 01 00 04 00 44 00 00 00 00 6e sink 4 disconnect
00 01 05 43 00 01 00 05 00 44 73 00 00 00 7a sink 5 connect
00 01 05 43 00 01 00 05 00 44 00 00 00 00 6d sink 5 disconnect


game
00 01 05 43 00 01 02 00 00 44 73 00 00 00 7d sink 0 connect
00 01 05 43 00 01 02 00 00 44 00 00 00 00 70 sink 0 disconnect
00 01 05 43 00 01 02 01 00 44 73 00 00 00 7c sink 1 connect
00 01 05 43 00 01 02 01 00 44 00 00 00 00 6f sink 1 disconnect
00 01 05 43 00 01 02 02 00 44 73 00 00 00 7b sink 2 connect
00 01 05 43 00 01 02 02 00 44 00 00 00 00 6e sink 2 disconnect
00 01 05 43 00 01 02 03 00 44 73 00 00 00 7a sink 3 connect
00 01 05 43 00 01 02 03 00 44 00 00 00 00 6d sink 3 disconnect
00 01 05 43 00 01 02 04 00 44 73 00 00 00 79 sink 4 connect
00 01 05 43 00 01 02 04 00 44 00 00 00 00 6c sink 4 disconnect
00 01 05 43 00 01 02 05 00 44 73 00 00 00 78 sink 5 connect
00 01 05 43 00 01 02 05 00 44 00 00 00 00 6b sink 5 disconnect


chat
00 01 05 43 00 01 04 00 00 44 73 00 00 00 7b sink 0 connect
00 01 05 43 00 01 04 00 00 44 00 00 00 00 6e sink 0 disconnect
00 01 05 43 00 01 04 01 00 44 73 00 00 00 7a sink 1 connect
00 01 05 43 00 01 04 01 00 44 00 00 00 00 6d sink 1 disconnect
00 01 05 43 00 01 04 02 00 44 73 00 00 00 79 sink 2 connect
00 01 05 43 00 01 04 02 00 44 00 00 00 00 6c sink 2 disconnect
00 01 05 43 00 01 04 03 00 44 73 00 00 00 78 sink 3 connect
00 01 05 43 00 01 04 03 00 44 00 00 00 00 6b sink 3 disconnect
00 01 05 43 00 01 04 04 00 44 73 00 00 00 77 sink 4 connect
00 01 05 43 00 01 04 04 00 44 00 00 00 00 6a sink 4 disconnect
00 01 05 43 00 01 04 05 00 44 73 00 00 00 76 sink 5 connect
00 01 05 43 00 01 04 05 00 44 00 00 00 00 69 sink 5 disconnect


samples
00 01 05 43 00 01 08 00 00 44 73 00 00 00 77 sink 0 connect
00 01 05 43 00 01 08 00 00 44 00 00 00 00 6a sink 0 disconnect
00 01 05 43 00 01 08 01 00 44 73 00 00 00 76 sink 1 connect
00 01 05 43 00 01 08 01 00 44 00 00 00 00 69 sink 1 disconnect
00 01 05 43 00 01 08 02 00 44 73 00 00 00 75 sink 2 connect
00 01 05 43 00 01 08 02 00 44 00 00 00 00 68 sink 2 disconnect
00 01 05 43 00 01 08 03 00 44 73 00 00 00 74 sink 3 connect
00 01 05 43 00 01 08 03 00 44 00 00 00 00 67 sink 3 disconnect
00 01 05 43 00 01 08 04 00 44 73 00 00 00 73 sink 4 connect
00 01 05 43 00 01 08 04 00 44 00 00 00 00 66 sink 4 disconnect
00 01 05 43 00 01 08 05 00 44 73 00 00 00 72 sink 5 connect
00 01 05 43 00 01 08 05 00 44 00 00 00 00 65 sink 5 disconnect


system
00 01 05 43 00 01 0a 00 00 44 73 00 00 00 75 sink 0 connect
00 01 05 43 00 01 0a 00 00 44 00 00 00 00 68 sink 0 disconnect
00 01 05 43 00 01 0a 01 00 44 73 00 00 00 74 sink 1 connect
00 01 05 43 00 01 0a 01 00 44 00 00 00 00 67 sink 1 disconnect
00 01 05 43 00 01 0a 02 00 44 73 00 00 00 73 sink 2 connect
00 01 05 43 00 01 0a 02 00 44 00 00 00 00 66 sink 2 disconnect
00 01 05 43 00 01 0a 03 00 44 73 00 00 00 72 sink 3 connect
00 01 05 43 00 01 0a 03 00 44 00 00 00 00 65 sink 3 disconnect
00 01 05 43 00 01 0a 04 00 44 73 00 00 00 71 sink 4 connect
00 01 05 43 00 01 0a 04 00 44 00 00 00 00 64 sink 4 disconnect
00 01 05 43 00 01 0a 05 00 44 73 00 00 00 70 sink 5 connect
00 01 05 43 00 01 0a 05 00 44 00 00 00 00 63 sink 5 disconnect


aux
00 01 05 43 00 01 06 00 00 44 73 00 00 00 79 sink 0 connect
00 01 05 43 00 01 06 00 00 44 00 00 00 00 6c sink 0 disconnect
00 01 05 43 00 01 06 01 00 44 73 00 00 00 78 sink 1 connect
00 01 05 43 00 01 06 01 00 44 00 00 00 00 6b sink 1 disconnect
00 01 05 43 00 01 06 02 00 44 73 00 00 00 77 sink 2 connect
00 01 05 43 00 01 06 02 00 44 00 00 00 00 6a sink 2 disconnect
00 01 05 43 00 01 06 03 00 44 73 00 00 00 76 sink 3 connect
00 01 05 43 00 01 06 03 00 44 00 00 00 00 69 sink 3 disconnect
00 01 05 43 00 01 06 04 00 44 73 00 00 00 75 sink 4 connect
00 01 05 43 00 01 06 04 00 44 00 00 00 00 68 sink 4 disconnect
00 01 05 43 00 01 06 05 00 44 73 00 00 00 74 sink 5 connect
00 01 05 43 00 01 06 05 00 44 00 00 00 00 67 sink 5 disconnect