main dial sample

01 0A 00 01 00 00 00 00 00 2B 
01 00 04 01 44 00 00 00 00 6D 
01 02 04 01 44 00 00 00 00 6B 
01 04 04 01 44 00 00 00 00 69 
01 06 04 01 44 00 00 00 00 67 
01 08 04 01 44 00 00 00 00 65 
01 0A 04 01 44 00 00 00 00 63 
01 00 05 01 44 00 00 00 00 6C 
01 02 05 01 44 00 00 00 00 6A 
01 04 05 01 44 00 00 00 00 68 
01 06 05 01 44 00 00 00 00 66 
01 08 05 01 44 00 00 00 00 64 
01 0A 05 01 44 00 00 00 00 62

01 0A 00 01 00 35 00 00 00 76 
01 00 04 01 44 00 00 00 00 6D 
01 02 04 01 44 00 00 00 00 6B 
01 04 04 01 44 00 00 00 00 69 
01 06 04 01 44 00 00 00 00 67 
01 08 04 01 44 00 00 00 00 65 
01 0A 04 01 44 00 00 00 00 63 
01 00 05 01 44 00 00 00 00 6C 
01 02 05 01 44 00 00 00 00 6A 
01 04 05 01 44 00 00 00 00 68 
01 06 05 01 44 00 00 00 00 66 
01 08 05 01 44 00 00 00 00 64 
01 0A 05 01 44 00 00 00 00 62

(note: this is with all other sliders maxed)
01 0A 00 01 00 02 00 00 00 29 
01 00 04 01 44 40 00 00 00 2D 
01 02 04 01 44 40 00 00 00 2B 
01 04 04 01 44 40 00 00 00 29 
01 06 04 01 44 40 00 00 00 27 
01 08 04 01 44 40 00 00 00 25 
01 0A 04 01 44 40 00 00 00 23 
01 00 05 01 44 40 00 00 00 2C 
01 02 05 01 44 40 00 00 00 2A 
01 04 05 01 44 40 00 00 00 28 
01 06 05 01 44 40 00 00 00 26 
01 08 05 01 44 40 00 00 00 24 
01 0A 05 01 44 40 00 00 00 22






