enable virtual fader sampler -> alt (vol starts at 0%)

host ->
00 01 05 43 00 02 00 03 00 01 10 10 00 10 10 10 00 00 61

device ->
00 01 05 43 00 02 00 03 00 01 10 10 00 10 10 10 00 00 61 
00 01 05 43 00 01 08 02 01 44 00 00 00 00 67                                               .

host ->
00 01 05 43 00 02 10 00 04 01 10 10 10 10 10 10 00 00 40

device ->
00 01 05 43 00 02 10 00 04 01 10 10 10 10 10 10 00 00 40

host ->
00 01 05 43 00 02 10 00 04 01 10 10 00 10 10 10 00 00 50

device ->
00 01 05 43 00 02 10 00 04 01 10 10 00 10 10 10 00 00 50

host ->
00 01 05 43 00 02 10 00 04 01 10 10 00 10 10 10 00 00 50
00 01 05 43 00 02 10 00 04 01 10 10 00 10 10 10 00 00 50

device ->
00 01 05 43 00 02 10 00 04 01 10 10 00 10 10 10 00 00 50
00 01 05 43 00 02 10 00 04 01 10 10 00 10 10 10 00 00 50 

host ->
00 01 05 43 00 02 10 00 04 01 10 10 00 10 10 10 00 00 50

device ->
00 01 05 43 00 02 10 00 04 01 10 10 00 10 10 10 00 00 50