enable virtual fader chat -> alt (vol starts at 0%)

host -> device
00 01 05 43 00 02 00 02 00 01 04 04 00 04 04 04 00 00 1e

device -> host
00 01 05 43 00 02 00 02 00 01 04 04 00 04 04 04 00 00 1e

host -> device
00 01 05 43 00 02 0c 00 04 01 04 04 04 04 04 04 00 00 0c

device -> host
00 01 05 43 00 02 0c 00 04 01 04 04 04 04 04 04 00 00 0c

host -> device
00 01 05 43 00 02 0c 00 04 01 04 04 04 04 04 04 00 00 0c
00 01 05 43 00 02 0c 00 04 01 04 04 00 04 04 04 00 00 10

device -> host
00 01 05 43 00 02 0c 00 04 01 04 04 04 04 04 04 00 00 0c

host -> device
00 01 05 43 00 02 0c 00 04 01 04 04 00 04 04 04 00 00 10

device -> host
00 01 05 43 00 02 0c 00 04 01 04 04 00 04 04 04 00 00 10
00 01 05 43 00 02 0c 00 04 01 04 04 00 04 04 04 00 00 10

host -> device
00 01 05 43 00 02 0c 00 04 01 04 04 00 04 04 04 00 00 10
00 01 05 43 00 02 0c 00 04 01 04 04 00 04 04 04 00 00 10

device -> host
00 01 05 43 00 02 0c 00 04 01 04 04 00 04 04 04 00 00 10
00 01 05 43 00 02 0c 00 04 01 04 04 00 04 04 04 00 00 10
00 01 05 43 00 01 04 02 01 44 00 00 00 00 6b                                              .

bump to 10%
host -> device
00 01 05 43 00 01 04 02 00 44 1e 00 00 00 4e

device -> host
00 01 05 43 00 01 04 02 01 44 1e 00 00 00 4d
00 01 05 43 00 01 04 02 00 44 1e 00 00 00 4e
                                              .

                                           .
bump to 20%

host -> device
00 01 05 43 00 01 04 02 00 44 3d 00 00 00 2f

device -> host
00 01 05 43 00 01 04 02 01 44 3d 00 00 00 2e
00 01 05 43 00 01 04 02 00 44 3d 00 00 00 2f                                              .

bump to 31%

host -> device
00 01 05 43 00 01 04 02 00 44 4f 00 00 00 1d

device -> host
00 01 05 43 00 01 04 02 01 44 4f 00 00 00 1c                                           .
00 01 05 43 00 01 04 02 00 44 4f 00 00 00 1d

bump to 100%                   .

host -> device
00 01 05 43 00 01 04 02 00 44 73 00 00 00 79                            .


device -> host
00 01 05 43 00 01 04 02 01 44 73 00 00 00 78
00 01 05 43 00 01 04 02 00 44 73 00 00 00 79

mute

host -> Device
00 01 05 43 00 01 04 02 00 44 00 00 00 00 6c

device -> host
00 01 05 43 00 01 04 02 00 44 00 00 00 00 6c

100% fader to basic mode

host -> device
00 01 05 43 00 02 00 02 00 01 04 04 04 04 04 04 00 00 1a

device -> host
00 01 05 43 00 02 00 02 00 01 04 04 04 04 04 04 00 00 1a

host -> device
00 01 05 43 00 01 04 02 00 44 73 00 00 00 79

device -> host
00 01 05 43 00 01 04 02 00 44 73 00 00 00 79
00 01 05 43 00 01 04 02 01 44 73 00 00 00 78

host -> device
00 01 05 43 00 02 0c 00 04 01 04 04 00 04 04 04 00 00 10
00 01 05 43 00 02 0c 00 04 01 04 04 00 04 04 04 00 00 10

device -> host
00 01 05 43 00 02 0c 00 04 01 04 04 00 04 04 04 00 00 10

host -> Device
00 01 05 43 00 02 0c 00 04 01 04 04 04 04 04 04 00 00 0c

device -> host
00 01 05 43 00 02 0c 00 04 01 04 04 00 04 04 04 00 00 10
00 01 05 43 00 02 0c 00 04 01 04 04 04 04 04 04 00 00 0c 

host -> device
00 01 05 43 00 02 0c 00 04 01 04 04 04 04 04 04 00 00 0c

device -> host
00 01 05 43 00 02 0c 00 04 01 04 04 04 04 04 04 00 00 0c

host -> device
00 01 05 43 00 02 0c 00 04 01 04 04 04 04 04 04 00 00 0c
00 01 05 43 00 02 0c 00 04 01 04 04 04 04 04 04 00 00 0c

device -> host
00 01 05 43 00 02 0c 00 04 01 04 04 04 04 04 04 00 00 0c
00 01 05 43 00 02 0c 00 04 01 04 04 04 04 04 04 00 00 0c
















scratch

00 01 05 43 00 02 00 02 00 01 04 04 00 04 04 04 00 00 1e
